time,x,y,z,phi,theta,psi,x_velocity,y_velocity,z_velocity,phi_velocity,theta_velocity,psi_velocity,rotor_speed1,rotor_speed2,rotor_speed3,rotor_speed4
0.06,-2.26702788486e-07,1.14654368115e-06,10.0031324543,0.000808865144009,0.000223693955414,0.0,-1.99471443953e-05,8.84683737063e-05,0.104410551178,0.0319411848109,0.0103008802536,0.0,438.04400932857016,438.89955469491224,436.79270551570335,439.4478693385668
0.12000000000000001,-7.24230387669e-06,2.62943797699e-05,10.0087204758,0.00228472832512,0.000946556741317,0.0,-0.000270307990504,0.000897940418394,0.0818587761484,0.00287038716708,0.0153304970471,0.0,395.22559569005995,395.6887047525565,398.13134691056445,395.46323916301515
0.18,-4.55071940773e-05,0.000125955755648,10.0157756448,0.00223868376698,0.00174225397529,0.0,-0.00108940674058,0.00243145801933,0.153305888969,-0.00927227134818,0.00876474517974,0.0,428.1327005274093,427.5736971504259,428.17988443128274,427.145823705347
0.23999999999999996,-0.000154663858411,0.000322821219608,10.0310498216,0.00192851862726,0.00239310668465,0.0,-0.00261836947506,0.00408109552889,0.355791490666,0.00198128116011,0.0147178195685,0.0,468.33761043745284,468.80019654589927,467.66193467317396,468.5376026339887
0.3,-0.000361035531696,0.000604687026111,10.0537267713,0.00199215721916,0.00388512436805,0.0,-0.00437694424478,0.00532301911584,0.400091639679,-0.000847463699932,0.0398850340457,0.0,418.03299033321053,420.2200825059908,418.99535526275963,418.7493742554245
0.36000000000000004,-0.000713453708571,0.000965088860539,10.080807803,0.00176855485781,0.0063492415322,0.0,-0.00761888923456,0.00667699236746,0.502568182105,-0.0102171264977,0.0433359204116,0.0,438.6623622773146,438.949698767328,437.32955352156716,436.5486149683964
0.4200000000000001,-0.00132143714538,0.00140233442055,10.1153955647,0.000732118125398,0.00861566124778,0.0,-0.0129157838602,0.00781462687855,0.650282432453,-0.0376638010286,0.0233104266809,0.0,452.4810397401176,450.8668882559789,453.5845526858085,451.3752912016337
0.48000000000000015,-0.00227436425191,0.00187782597234,10.1567556181,6.28113505551,0.0104307892474,0.0,-0.0190094344048,0.00779824765803,0.728337540555,-0.07608010491,0.041405025678,0.0,430.1678297669681,431.69746546242493,431.3732457452172,428.1155638467727
0.5400000000000001,-0.00364826498001,0.00228410150038,10.2042275672,6.27693881593,0.0128107214109,0.0,-0.0270439253251,0.0052833897438,0.853970300498,-0.059852143962,0.0359384803645,0.0,445.7665203408707,445.32043901326534,444.8658978048141,446.1886982109232
0.6000000000000002,-0.00555641804587,0.00245198506145,10.2594203942,6.27285117666,0.014942288352,0.0,-0.0367886053447,-8.52380088922e-05,0.98567969172,-0.0949028947929,0.0346885537144,0.0,448.2390550137585,448.13802183994153,448.49979372528384,445.6402622893612
0.6600000000000003,-0.00808501033057,0.00220804096178,10.3218652324,6.26694967512,0.0168390238148,0.0,-0.0477030712284,-0.00864391385297,1.09570474529,-0.106356470084,0.0246153467359,0.0,441.02469427634105,440.1923664863302,442.07817484932826,441.1250518505416
0.7200000000000003,-0.0112785380202,0.00135247217628,10.3893078915,6.26084310163,0.0182384923001,0.0,-0.0588846125124,-0.0204695681832,1.15231456673,-0.0939129077197,0.0206093106085,0.0,424.2207210917804,423.8767119090581,423.82655346918443,424.88497439979585
0.7800000000000004,-0.0152188529698,-0.000391062191769,10.4628261847,6.25529974229,0.0195238614551,0.0,-0.0725937617015,-0.0382523356402,1.2981227607,-0.089506129521,0.0230019742126,0.0,451.7282933609352,451.9211666628453,453.2749783692677,453.62192483958466
0.8400000000000004,-0.020048019475,-0.00337741648956,10.5469823354,6.24989553593,0.0208064763545,0.0,-0.0885311808897,-0.0619215220837,1.50680741877,-0.0912217802052,0.0179111434987,0.0,470.74657371972745,470.3524909498495,473.36718558383706,473.2289089335286
0.9000000000000005,-0.0257347011964,-0.00770406260984,10.6375466122,6.24436602424,0.022115063744,0.0,-0.101130686686,-0.0827835894227,1.5119741656,-0.0940996304199,0.0286460218468,0.0,408.1179907757948,409.0749974133475,407.9267860288429,407.6617408447387
0.9600000000000005,-0.0323834905877,-0.0137019982218,10.7364749062,6.2392612436,0.0235566052194,0.0,-0.120691756448,-0.117812598647,1.78521467634,-0.071359313194,0.0126553336212,0.0,492.1054054799998,490.92043413601795,490.11577210267734,491.7974011429326
1.0200000000000005,-0.040205294154,-0.0218647142233,10.8503766718,6.23458524347,0.023917210869,0.0,-0.14010062265,-0.154795425926,2.01111133375,-0.0962228629089,-0.0125939559058,0.0,478.7284343313637,476.80342671506276,480.1810961244971,478.2867135843895
1.0800000000000005,-0.0490324660094,-0.0320311407389,10.9710590285,6.22882109579,0.0228589628521,0.0,-0.154061986394,-0.184589213174,2.01160560407,-0.0957636509196,-0.0303512460278,0.0,409.16168310371353,407.57779004859594,408.7192974126432,408.7514660092174
1.1400000000000006,-0.0588125109841,-0.0444225281595,11.0978100328,6.22284764588,0.0216200914293,0.0,-0.171758261233,-0.22912105284,2.21301915268,-0.108487609866,-0.00613116287659,0.0,470.7832927533824,472.65345523193093,473.24027709161743,472.25192724082524
1.2000000000000006,-0.0695248484527,-0.0593292041676,11.231740719,6.21608617651,0.0208497366012,0.0,-0.185270738976,-0.26837856432,2.25121825924,-0.122795409508,-0.0317048012924,0.0,422.95532712702277,420.74716069325217,423.1917729766858,421.94627865590627
1.2600000000000007,-0.0810081552703,-0.0766538181803,11.3669658069,6.20860129628,0.0192533998596,0.0,-0.197353892782,-0.309761534922,2.25622470776,-0.128966305722,-0.017978695861,0.0,410.07653114049185,411.2937150111104,412.33402195850863,411.77299642762523
1.3200000000000007,-0.0933449911205,-0.097207712398,11.5105152625,6.20104845621,0.0187361152865,0.0,-0.213767673356,-0.376299366807,2.52810856724,-0.120335975756,0.00549969018345,0.0,492.565576935264,494.2988394885228,494.01292463190896,494.63613663295814
1.3800000000000008,-0.106572818571,-0.121563985576,11.6657833172,6.19347469108,0.0189686319082,0.0,-0.22718505741,-0.43632579901,2.64714311095,-0.141863155,0.000410408644254,0.0,450.04517291330484,449.6329934785494,450.9097845236216,449.1526915245107
1.4400000000000008,-0.120584522032,-0.149567092254,11.8268568831,6.1850211771,0.0190638634703,0.0,-0.239874834789,-0.497928976914,2.72170453142,-0.139019008696,0.00384276273143,0.0,435.5387295317467,435.82566912191254,437.54025377207404,437.758168429344
1.5000000000000009,-0.135395739073,-0.181618363199,11.994233799,6.17729002252,0.0191421817476,0.0,-0.253843679849,-0.57127062522,2.85708524091,-0.113826535416,-0.00432614046811,0.0,456.50603141210627,455.853714201585,455.49765992826394,457.4927133457507
1.560000000000001,-0.150990175765,-0.217925034972,12.1668510715,6.1708204829,0.0190365720167,0.0,-0.265952763903,-0.639560049804,2.8966325926,-0.0979371488976,0.00293301860308,0.0,426.98921116317115,427.60809017729645,425.7095899784694,427.0561280488684
1.620000000000001,-0.167319806672,-0.258495419404,12.3422340768,6.16491910538,0.0201391109954,0.0,-0.278437148299,-0.71333299164,2.94923802017,-0.0992073576592,0.0386368786033,0.0,429.62561686995923,432.64230580909276,431.98549672674767,431.86975942303786
1.680000000000001,-0.184538358957,-0.304249301655,12.5261116299,6.1587763519,0.023141555493,0.0,-0.295833836906,-0.812456280457,3.17926085031,-0.109620987519,0.0664130828501,0.0,485.4086721413319,487.489867142131,486.62885169395827,485.84053481854113
1.740000000000001,-0.202775003294,-0.355546560826,12.7193419993,6.15213343584,0.0270700945306,0.0,-0.312443996818,-0.898081635264,3.26138115295,-0.11299678084,0.0635325855302,0.0,442.8024585955001,442.5686120318305,443.7820363816868,443.4939652250327
1.8000000000000012,-0.222113696846,-0.412239153612,12.918399336,6.14582470536,0.031323176725,0.0,-0.33259395795,-0.99230556383,3.37338104731,-0.092840173758,0.0825639522613,0.0,452.1286729881243,453.66307519607443,452.9979591200148,454.6063106693031
1.8600000000000012,-0.242735024019,-0.474623345789,13.1234926245,6.14006967564,0.0370233257916,0.0,-0.355320470168,-1.08770040654,3.46263667212,-0.102911222314,0.112431203142,0.0,446.10916884386637,448.54864324705255,447.5817944251732,446.7535211416785
1.9200000000000013,-0.264811785616,-0.542732648799,13.3330929544,6.1337530345,0.044499643937,0.0,-0.38125991125,-1.18318435096,3.52367080746,-0.110483109644,0.141763916023,0.0,438.284543125558,440.72956225184174,439.21772097586444,438.5793742814636
1.9800000000000013,-0.288645750214,-0.616850884619,13.5473406515,6.12749027621,0.0537466824953,0.0,-0.414102419833,-1.28802651693,3.61740077922,-0.0943497993066,0.171453546319,0.0,448.834681985137,451.2593093307296,450.14982299794235,451.4440469291674
2.0400000000000014,-0.314753028932,-0.697681658268,13.7690491897,6.12199444966,0.0635479884885,0.0,-0.457235712643,-1.40686182714,3.77212046813,-0.0865964161159,0.137686297314,0.0,470.767833691403,468.1706214618491,470.79576646249365,471.3887533124462
2.1000000000000014,-0.343704119415,-0.785870322134,14.0006465045,6.11658145386,0.0724379876961,0.0,-0.508742872169,-1.53325621149,3.94691842464,-0.0986650012729,0.163537514242,0.0,477.1010680891969,479.08926649688345,478.0574898244117,477.13067991077156
2.1600000000000015,-0.375804422843,-0.881425334087,14.2406458047,6.11050793669,0.0830196183257,0.0,-0.562301374063,-1.65245545532,4.05237720407,-0.106907576846,0.194161534411,0.0,457.58744250272895,460.0470296333561,458.7848012210772,458.12126589043794
2.2200000000000015,-0.411388980525,-0.984342654504,14.4873851442,6.10388798803,0.0957328880179,0.0,-0.625110799296,-1.77871109396,4.1714552655,-0.118247080054,0.234040777235,0.0,462.7491316977605,465.91834132288943,464.7474482583001,463.8474471587328
2.2800000000000016,-0.450804873018,-1.09458037544,14.7390292101,6.09661359574,0.1098709671,0.0,-0.690064286441,-1.89650124893,4.21610249115,-0.128013932208,0.238639966894,0.0,442.4447052506784,442.8787845709027,443.0619105279176,442.24467793508654
2.3400000000000016,-0.494119518977,-1.21157553918,14.9909273077,6.08945789488,0.123860315825,0.0,-0.754939065489,-2.0039476933,4.18022999713,-0.105861257896,0.218998582668,0.0,416.89379497301525,415.2316211294703,417.2734291814035,419.1889447404958
2.4000000000000017,-0.54190478744,-1.33566135505,15.243292343,6.08349747704,0.136683056508,0.0,-0.839113092566,-2.13276322965,4.23128240016,-0.0887480240683,0.200225564863,0.0,447.3796186734754,445.89277524698554,446.0440831886749,447.43102378760716
2.4600000000000017,-0.594369936559,-1.46670741613,15.4943296105,6.07876295804,0.149227315129,0.0,-0.91067786344,-2.23586774623,4.13661799342,-0.0642439664523,0.22257353923,0.0,397.19575118168166,399.2881581539147,397.52944039002307,399.76276176504643
2.520000000000002,-0.65233771471,-1.60536321007,15.7461420559,6.07495480755,0.163113702939,0.0,-1.02294170358,-2.38626327932,4.25613413317,-0.0619636378898,0.244964971539,0.0,469.8179457243281,471.6003563366575,468.88171168365864,469.0561506747824
2.580000000000002,-0.716586410089,-1.75218028606,16.0006016369,6.07090154305,0.178389263628,0.0,-1.11994092642,-2.50795690936,4.22547205808,-0.0821118589096,0.268999513714,0.0,421.76720742352745,423.90591727512384,424.5872997563577,422.8510812798771
2.640000000000002,-0.786943963736,-1.90639988538,16.2532789363,6.06576551523,0.194730422611,0.0,-1.22667085444,-2.63309662144,4.19662314656,-0.0936894591219,0.278320397187,0.0,424.59023929732984,425.4677083688928,425.22293224738337,424.2233511522443
2.700000000000002,-0.865081048823,-2.06939913671,16.5094697598,6.05990525812,0.211688412534,0.0,-1.37959220921,-2.80061946406,4.34164058383,-0.107133065035,0.290086109584,0.0,481.36389747227224,482.32741931919924,482.8671969583571,481.8443966739758
2.760000000000002,-0.951998928391,-2.24178134864,16.7707598003,6.05382841288,0.229517524493,0.0,-1.5192251639,-2.9459134039,4.3670842117,-0.0915962001048,0.308443781961,0.0,446.55960932325786,448.14330225569734,446.82391411425766,448.07998974512486
2.820000000000002,-1.04768065827,-2.42303082273,17.0336527318,6.04844619641,0.248114272218,0.0,-1.67179557568,-3.09610595146,4.39498066895,-0.0861666489256,0.312785032589,0.0,450.0858001262604,450.5336818100601,450.18476732855873,450.6173333356355
2.880000000000002,-1.15173092412,-2.61235048645,17.2937872802,6.04323418406,0.266929075075,0.0,-1.79794235232,-3.21495726153,4.27586756306,-0.0883044229521,0.315120404917,0.0,401.44310359682737,401.7669177384659,401.39466838060065,401.19344828779396
2.940000000000002,-1.26358239315,-2.80884018289,17.5465317067,6.03801083113,0.286053924441,0.0,-1.93183620423,-3.33510612655,4.14861114315,-0.0846705168591,0.325145678787,0.0,398.91089559051335,399.9416266243192,398.91019466469896,399.234734246445
3.000000000000002,-1.38536378777,-3.01393670953,17.7968117269,6.03255505075,0.30550790557,0.0,-2.12923380469,-3.50173435498,4.1926705297,-0.107954553903,0.322347679147,0.0,460.7183825763514,460.60068484722365,460.7963202439185,458.9447738390845
3.0600000000000023,-1.51911476886,-3.22893050542,18.0488042156,6.02673801373,0.325090603947,0.0,-2.330744859,-3.66508196745,4.20573581639,-0.0810079193558,0.333400717078,0.0,452.03139491687347,453.028090657446,452.7147851159242,454.86992806282035
3.1200000000000023,-1.66518939779,-3.45371592497,18.301036511,6.02179124286,0.345373428777,0.0,-2.54003412951,-3.82800988465,4.2006813399,-0.0854880506464,0.345993743043,0.0,449.38953784565945,450.52472342778617,450.47220553943555,450.10428239993206
3.1800000000000024,-1.82413214071,-3.68831104716,18.5526370915,6.01744967158,0.365554619354,0.0,-2.75968213777,-3.99203390476,4.18462511222,-0.0542475390644,0.297841516594,0.0,451.4171271785733,447.6248694989235,448.2307038669742,450.7584395639284
3.2400000000000024,-1.99618716098,-3.93252559118,18.8020665405,6.01439196267,0.383141831938,0.0,-2.97681060666,-4.1485966797,4.1286056176,-0.0450912401412,0.281472078237,0.0,438.70060428747934,437.4274100466594,438.78218819044537,439.5401014753473
3.3000000000000025,-2.18259505585,-4.1868571713,19.0504377951,6.01165917712,0.399951697375,0.0,-3.23804791659,-4.32913162255,4.14882404346,-0.0464724091345,0.277418695032,0.0,467.44861938058744,467.20786608184585,467.9443794366834,467.835737769318
3.3600000000000025,-2.38429467636,-4.45162326497,19.2982620208,6.00921615322,0.416689346518,0.0,-3.4864674947,-4.49646462373,4.11064606223,-0.0311624699274,0.281872639453,0.0,451.42236967776506,451.85906344345926,450.24986154195926,451.48614333702795
3.4200000000000026,-2.60129834733,-4.72653214808,19.5438626677,6.00703529793,0.433707420763,0.0,-3.74817481206,-4.66715738379,4.07459659338,-0.0495246607778,0.286936516198,0.0,455.5894245083116,456.0734885738824,455.3450070846149,453.87273602504354
3.4800000000000026,-2.83204989642,-5.01040275707,19.7824822501,6.00430963341,0.451138217035,0.0,-3.94471954359,-4.79546291116,3.87887886372,-0.0382884244071,0.296833926762,0.0,397.40984888238796,398.4125211565459,399.0095805902964,400.0328392454749
3.5400000000000027,-3.07568152237,-5.30250120404,20.0109186684,6.00183299838,0.468619350181,0.0,-4.17751307724,-4.9412992468,3.73470990605,-0.0480465882611,0.277213516741,0.0,420.86645522915154,419.25557276336275,421.67506883961363,420.8300170633799
3.6000000000000028,-3.33451590645,-5.60392959776,20.2323986878,5.99924742207,0.485390476362,0.0,-4.45136549587,-5.10638692238,3.6465320274,-0.0346776765957,0.283761490709,0.0,443.7640035116436,444.38036475880335,444.2298505372484,445.32392650075326
3.660000000000003,-3.60988397992,-5.91521441939,20.4480926583,5.99719448725,0.502201743746,0.0,-4.72862569977,-5.2698121126,3.54185540067,-0.0333072333608,0.271883759601,0.0,442.1326642844077,441.2326622508108,442.05091310243796,442.16336706886744
3.720000000000003,-3.90190174492,-6.23621332623,20.6568830005,5.99569572698,0.518424625582,0.0,-5.00629082627,-5.43019709865,3.41648606565,-0.0120803839163,0.267201091106,0.0,436.51053918143975,436.1947987770492,438.06755174842175,439.8293469674253
3.780000000000003,-4.2107077248,-6.56680547655,20.8577642235,5.99520413938,0.534055603429,0.0,-5.288196922,-5.58954027207,3.27825681477,-0.00137376528386,0.241812897283,0.0,436.7151891261665,434.66084964024617,436.1716751278088,437.0652616350062
3.840000000000003,-4.53516508871,-6.90626601301,21.0477576757,5.99494640279,0.548403266866,0.0,-5.52801468934,-5.72597558418,3.0541571064,-0.0108950497379,0.2331427735,0.0,405.116164321805,404.3987773880376,405.22680167568717,404.36982265168535
3.900000000000003,-4.87664017911,-7.25507538946,21.2279587188,5.99406851096,0.562912726075,0.0,-5.85521886025,-5.90093626985,2.95084138004,-0.0234091875023,0.255129025415,0.0,453.4268692680924,455.24650051894923,456.4924876084663,455.49265087450664
3.960000000000003,-5.23652690915,-7.61375458129,21.3995365839,5.99280067547,0.577776566616,0.0,-6.1418645881,-6.05513383066,2.76712222374,-0.0169242805403,0.225813160194,0.0,429.6012091060319,427.1704816156076,427.73740634732,428.28945386233835
4.020000000000002,-5.61567214012,-7.98253318706,21.5625985879,5.99122810882,0.591425805908,0.0,-6.49687446802,-6.23740933871,2.66631294235,-0.0608620430374,0.23063562403,0.0,463.99986242485295,464.4273404428477,465.99505287110514,462.54634296557657
4.080000000000001,-6.01472699546,-8.36160277403,21.7170740994,5.98723709199,0.605177272983,0.0,-6.80561297162,-6.39844098504,2.4812935438,-0.0813010437824,0.226139502788,0.0,436.8432352397512,436.5212876875265,437.19722536890544,435.48686250849454
4.14,-6.43303997784,-8.75063262779,21.8609546052,5.98258642164,0.618608772374,0.0,-7.13867747088,-6.56941647433,2.31284406849,-0.0708464450934,0.218864102,0.0,448.17788321791863,447.63523130856026,447.03011926411745,447.8766915912914
4.199999999999998,-6.8739681504,-9.15100793639,21.9977218847,5.97816926568,0.631885193423,0.0,-7.55907586698,-6.77639444123,2.24324189901,-0.0798348137434,0.225695420568,0.0,490.1390889572779,490.69004913786347,491.5879810067539,490.91762663426715
4.259999999999997,-7.33802424322,-9.5629276513,22.1269842711,5.97365846026,0.645557191731,0.0,-7.90985884018,-6.95441246703,2.06338356312,-0.0672048367827,0.231882117294,0.0,455.7714248899902,456.3158403338747,454.5647154341801,455.5716640321099
4.319999999999996,-7.82125913706,-9.984770127,22.242572886,5.97027555227,0.659663401349,0.0,-8.19865311377,-7.10728580314,1.78813775595,-0.0406290028232,0.240862210207,0.0,421.9147447404002,422.7477324623759,418.9567054655558,421.2592600604454
4.379999999999995,-8.3235617776,-10.4164711576,22.3433064941,5.96822245452,0.673895620377,0.0,-8.54523013657,-7.2828239789,1.56760935674,-0.02376835865,0.228662731477,0.0,449.88350252129385,448.94961094226227,448.122667454273,449.4910732607203
4.439999999999993,-8.84773215259,-10.8590981525,22.4315602688,5.96648330832,0.68784745141,0.0,-8.9273895319,-7.47137733742,1.37180226659,-0.0422715404955,0.239307753202,0.0,465.14913313473807,466.0332549447705,465.36347540432,463.9121091345816
4.499999999999992,-9.39549723995,-11.3132657533,22.508279437,5.96513197689,0.702272382205,0.0,-9.33158380438,-7.66745658852,1.18280545404,0.00121392257876,0.242539580437,0.0,474.8497844128167,475.15135589475756,472.6780041639862,476.01824160603275
4.559999999999991,-9.9655830769,-11.7784539926,22.570927419,5.96542093102,0.716717093223,0.0,-9.67177368999,-7.83889942536,0.903498940285,0.0111907339824,0.236898981984,0.0,444.0420805782625,443.6369129644835,443.6045851674811,444.4233210293437
4.6199999999999894,-10.5554466971,-12.2536844416,22.6156227242,5.9660719185,0.731507297749,0.0,-9.99096107635,-8.00228886625,0.584587640605,0.0101590402005,0.260884528064,0.0,431.28871065481655,433.37239681216994,431.8485553115038,431.7613646424672
4.679999999999988,-11.1687905872,-12.7402052926,22.6452432122,5.96666372718,0.746815173771,0.0,-10.4536558777,-8.21475084293,0.399395467525,0.00926569615272,0.240030902175,0.0,495.648089324222,494.1702345127357,495.6721019097051,495.60628764199885
4.739999999999987,-11.8064278077,-13.2382683559,22.6595764324,5.96692006716,0.760796790167,0.0,-10.8013248884,-8.38749908537,0.0762429498126,-0.00828070470796,0.212937418216,0.0,446.3056693401314,444.1410732454563,446.1909801842129,444.7555434399522
4.799999999999986,-12.4629401557,-13.7460611173,22.6520371147,5.96599836928,0.7732184125,0.0,-11.0832008712,-8.53937447137,-0.329021699555,-0.0358613355804,0.191346817674,0.0,412.4699777853457,410.6033267943834,415.3917378938175,412.9648704639375
4.859999999999984,-13.1393955492,-14.2639778943,22.6226656755,5.96338839046,0.785106692776,0.0,-11.4653903748,-8.72474427609,-0.652557782461,-0.0666896077773,0.20908010153,0.0,456.12623137966375,457.5776775931752,458.38775908419643,455.9290505430642
4.919999999999983,-13.8387521279,-14.7930539164,22.5733174635,5.95964694847,0.797661820876,0.0,-11.8464759972,-8.91139265214,-0.995106431473,-0.054862273093,0.209593399804,0.0,457.7869683856762,457.8695233373764,454.6203485218076,455.5646939459885
4.979999999999982,-14.5598215021,-15.3330288091,22.5018044083,5.95598341147,0.810023568889,0.0,-12.1894083074,-9.08816535204,-1.39105458493,-0.0778480439657,0.197744376676,0.0,440.09285243665744,439.1526579071914,440.8565597032309,438.949400943456
5.0399999999999805,-15.3028844749,-15.8841138799,22.4072756454,5.95193182454,0.822299453686,0.0,-12.5792125053,-9.28165668726,-1.76284639388,-0.0523220004803,0.215621639126,0.0,458.9632206292961,460.41971697688183,458.1922850922471,460.2145450727654
